0.79217478
0.88201909
-0.04152608
0.06607848
0.62144623
0.94890774
1.03100906
0.22942699
1.56547033
-1.83948870
-0.40926406
-1.38220581
1.77973466
0.10032554
0.13929306
-2.23348653
-0.72843146
2.18746909
-0.54659457
2.50668248
0.78947018
0.37112669
0.73033483
-0.03289435
1.52383219
-1.73883461
-1.25018757
1.30863159
-0.14246249
-0.31497239
-1.33608607
-0.49351957
0.68427191
-0.97400639
1.50816884
-0.39466809
-0.13689281
0.29824165
0.82627270
-0.91973878
-0.66106851
0.38164558
-0.89438956
0.55667049
-0.09925711
-1.01439086
-1.24590206
-0.35356487
-1.19031951
0.45835779
0.31255029
0.76705578
-0.01585528
0.05784525
0.08323204
1.36277247
-0.17732069
-0.85839062
-1.38411038
-1.37345714
0.40834309
2.25564317
-0.54400499
-0.53173752
-0.51718090
0.01548552
0.36507557
-0.16057887
-0.21900977
-0.10185169
-1.21179280
0.25907679
-0.39990734
-0.68901443
-0.16938631
-0.38129538
0.34629849
-1.05095071
0.47699365
0.58470025
-0.38557675
-0.52415347
-0.84123589
-0.17817118
-0.92469199
-0.96895635
2.21328405
-1.49307224
0.51961093
-0.26306345
-1.66097723
0.39642553
1.02147937
-0.26225028
-0.43295627
-0.16986835
3.10815506
0.02318093
0.40238502
-1.16448665
-0.80448375
-0.82284181
2.10640752
-0.08977489
1.01714572
-0.00414905
0.08207921
-0.50568705
-1.14864054
-0.31087451
-1.18823908
0.28003797
-0.50958329
-0.68208541
-0.12718644
0.20294571
-0.26014292
-0.96421251
0.19087368
-1.16136022
2.38824649
-0.49867431
-1.66206258
0.68225827
-1.08337785
0.95146394
0.28355659
-1.23028814
0.56035434
-0.81175224
-0.07081605
0.67493346
0.01391299
-0.46963864
0.32268843
-1.33727573
-0.03856107
0.62027457
-0.80928497
-0.95511370
-0.84246902
0.74627097
0.59080064
-0.10904292
0.62745410
1.61952708
1.72492758
0.17549406
-0.35814723
1.75656160
1.44314511
-0.66486926
-0.91047436
0.10054110
-0.22257241
0.94716612
0.20249337
-1.34621891
1.59256942
-0.28222891
0.46165594
-1.10435155
1.52234120
0.61702494
-1.68157884
-1.58950939
-0.24399945
2.54069332
1.28118138
0.34343065
-0.86746062
-0.25096710
-0.18270395
0.18443115
0.25146967
-2.10734869
0.33362112
-0.62333788
-1.35794793
-0.18233281
0.65331180
-0.60750625
0.83648666
1.20689152
0.86951634
-1.06233821
-0.79908901
-0.42204966
0.06377141
0.89569903
0.30208668
-0.69412415
-0.08325567
0.50352704
-1.78077810
0.55678328
0.35400023
-0.93298543
-1.49403337
-0.48101877
