-0.32205961
-0.74647477
1.26245756
-0.26060265
0.88220849
0.64668249
-0.50164024
1.75098195
0.17614285
-1.62954635
-0.56221644
1.15021242
1.07104479
0.95027378
-0.13292052
-0.52932216
0.77427392
0.92837368
1.04622968
0.90112071
-0.84304342
2.34856969
-0.52156263
-0.82600237
-0.45569377
0.51275119
1.98938327
-0.13355458
0.59811951
-0.16366982
-0.72004077
0.40058651
-0.03100462
-0.54836928
-1.41837847
-0.65420632
0.57794438
0.82824378
0.60900604
1.08842587
-1.15538288
-0.91750151
-0.93587472
-0.71741105
1.01976509
-0.69657575
0.65074096
-1.09335411
1.02910580
-1.01835225
0.46137777
0.93461599
0.19798108
1.21469591
2.11394123
-0.34638216
1.08165013
0.45402939
2.25092138
1.32000267
1.39642737
0.38064938
-1.65405241
1.67810836
-0.33652820
-0.25536260
0.17216222
-0.55217579
1.19512292
-0.13040910
-0.32955704
-1.36146297
-0.15412439
0.67030543
-0.27292322
-1.28038450
1.03974954
-1.23328211
-1.31405304
0.53320366
0.64411230
0.27378311
1.33021364
-0.15026584
-0.08573954
0.37391306
1.07643670
1.06279099
0.67631777
0.07256579
2.07864560
0.16545444
0.22753622
0.45545903
-0.10639619
0.54725188
0.90582044
2.18985861
-1.16480503
1.07766723
-0.08485645
1.29534361
-0.97171597
0.27778377
0.01141421
0.71773436
-0.42791741
-0.15764294
1.45552459
0.67081246
0.80439949
0.93093512
0.14776790
-0.97156629
-0.98221322
0.81663962
0.64756644
1.10755594
1.33215660
0.99409555
1.23045480
-1.08730764
0.08115133
-0.68653307
-1.20458971
-0.46558887
-0.17170427
0.83442006
-1.06019054
0.88276603
-0.05676393
-1.04346592
0.96451042
0.19166948
-0.36856984
-0.61145507
-2.17005520
-1.27079914
0.11413190
-0.53901910
-2.19255760
-1.27432342
0.58743503
-0.01255521
0.40012505
-1.25360758
-0.67212829
-0.29461885
-1.54334686
-0.99616593
-0.07200040
-2.29973399
-1.16495013
0.33212340
-0.12767309
2.27820862
-0.87423262
0.13462801
0.12577152
0.96754002
0.33441950
-0.33177514
1.79115473
-1.01225223
-0.24400109
0.73063880
1.01687436
-0.02849780
-0.89396816
-1.52304866
0.35450871
0.21122937
0.16736726
1.36067173
0.87446448
1.26413576
1.25402103
2.12861052
0.13015499
1.06577097
1.93454796
-0.56209536
-1.51500968
-1.45675869
0.00237895
-2.42696485
0.18093508
-1.65975334
-1.50477402
0.33151908
1.86985025
-0.31422191
-0.64791385
-1.05463353
0.13236510
0.97712472
1.00863473
-0.10065288
-0.83717810
0.65679927
