-0.67678692
-0.07958574
0.50366725
-0.12296605
-0.53500836
-0.29071219
0.34422650
1.33974187
-0.38778335
0.94361138
-0.91148537
-0.71387746
0.73828632
-1.01822543
-0.88938168
0.47371765
2.36275868
-0.09401918
-0.95042304
-0.08129783
-0.66704529
0.93802126
-0.64338809
-1.13543220
-0.68317231
-2.00634906
-0.08214815
-2.13226032
-1.61395162
2.66978035
1.50819247
-2.76712711
0.65853262
-0.14027531
0.18705908
2.03206244
1.51303194
0.90525074
-0.62214594
-0.09758646
0.00433905
-0.21745906
-0.23433647
0.07934763
0.67198900
-0.83996829
0.95555630
-2.46331012
-0.18902449
-0.41935790
1.68440866
0.57958246
-0.48258729
0.35698979
-0.80707616
-0.24939112
-0.05396052
-0.09986102
0.48903043
-0.42405117
-0.78720529
0.34070914
-0.45913284
-1.27480356
-0.18763473
0.18016756
-0.39715731
1.76490156
-1.09170695
-0.94474774
-1.40659690
-0.00738272
1.31610710
0.17179652
0.25582478
2.45582408
0.62567807
1.73704238
0.32317286
-1.11729847
0.10307196
0.75553450
0.52296935
-1.65765657
0.35946516
-0.80884962
0.37192991
2.27585158
-1.36835310
0.16946530
-0.73839152
-0.96741654
0.70427478
0.40963448
-1.73781829
1.31921601
-0.25193021
-0.69947422
1.27835194
-1.83883495
-1.67066574
0.06257587
-0.61939704
-1.16139439
-1.44944462
0.02332356
0.41483006
1.97399188
-1.50016497
0.71420788
0.05223912
-0.63451956
0.86400218
-1.41424849
0.55613201
0.51336578
-0.12038762
-0.80610512
-0.04278509
-1.18338796
0.68148935
-2.49321959
-1.09013587
1.52099798
-0.55038304
-0.26429864
-2.19545782
0.12610448
-0.51932234
-1.23435458
-1.22898000
-0.58745979
1.57337615
0.18689781
0.78287554
0.22648567
-0.06331540
0.62363736
-0.12713512
-0.06198124
0.73831161
0.20135160
1.08243499
-0.61855025
-0.27021773
-0.85781327
-1.18564758
-0.81338439
-1.32915037
-0.73672591
1.34082307
-0.59452744
1.20339837
-1.13449024
-0.00047394
-0.48153704
-0.31551301
-0.98152977
0.14324828
-0.14106829
-1.40329783
0.37119332
-0.38404963
0.53826140
-0.01285047
0.37493476
0.18411938
-0.91488080
-1.36955941
-0.71288672
-0.92166902
1.62065828
-1.01434807
-0.12960590
-0.46671467
-0.54741234
-1.19072010
0.45362931
0.91909039
-0.92311109
-0.57368901
-0.41974688
2.03279357
-0.50515535
0.01045747
-0.64220663
-0.33535975
0.45666605
1.18482511
0.76933090
0.12230123
0.74315115
0.68085442
1.26676523
-0.77266695
0.62616256
-0.55214091
1.29045695
0.21683087
-0.93977318
