-0.19659016
0.73459988
-1.11179914
-1.26728869
-1.70991530
0.26991782
-0.51650354
0.30337419
0.73360969
0.25594940
-0.21231738
-0.72252470
-0.74713714
0.43973866
-0.13072742
0.89908820
0.13728959
0.54913105
0.86066087
-0.81400244
-0.79358333
0.49804309
-0.86908269
1.35375444
-0.63936995
0.45488668
0.31772155
-1.28382249
-0.57743875
1.01226292
1.01599064
-0.84071612
-1.04272841
-0.26629107
0.20294239
1.60515013
-0.00547486
0.21505417
1.36638193
-0.08737670
1.08835977
1.77442959
0.31720137
-0.70263720
-0.31751292
1.94672266
1.11660403
0.66308651
2.11341354
0.09678298
0.68946605
-0.18333082
-0.83437588
-0.51349696
1.55525107
1.09627548
-1.83141254
-0.11688664
-0.14156370
0.32830661
1.17285543
-0.65488092
1.13582740
-0.60668579
-0.75195019
-1.92486968
1.37780765
0.52610694
-0.40419608
0.57086770
0.96078904
0.22844956
-0.82725164
-0.15804066
-0.81950972
1.82013730
-0.97097167
-0.33104249
0.29386356
-1.73278662
-2.04180825
-0.36880033
-1.20770030
3.13166352
0.87111575
0.18342796
-0.40966091
0.48774527
0.82318079
-0.08559160
0.85990577
-0.01336736
-0.26163021
-0.90602649
0.06013134
-1.09422471
-0.34383548
-0.53060567
1.38158666
-0.52401773
0.82818636
-0.18144658
-1.45915882
-0.41828889
0.85574894
1.14688959
-0.22085464
-0.76747184
-0.95138002
-0.26965762
-0.48948189
-0.72116680
0.64735139
-0.37687313
-2.05393091
0.25953816
-0.19323644
0.03230074
1.55146190
-0.27612659
-0.10886849
-0.65155269
-0.77775872
-0.25398244
0.92868158
-0.28969630
-0.44221938
0.24078764
1.66623219
-0.19691714
-0.75662951
0.58076261
-0.63479276
-0.25330241
0.43534620
-0.84767410
-0.51232202
-1.47612311
1.74025905
-1.00593715
1.37136560
-0.38504077
1.39559488
0.69111952
0.10067639
-0.99377045
-0.48193606
0.07632007
-0.95156758
-1.32581109
1.89487419
0.31979410
0.12779220
0.29574012
-0.37897078
1.53657740
-0.94830600
1.77657808
0.06862426
-0.05444478
-0.49070281
-1.90789581
0.94433587
1.30609531
0.91524864
-0.06718753
0.25767126
0.76639742
-0.00983457
-0.04278416
-0.16209878
0.45279848
0.30865213
1.40392218
-0.49510481
-0.07550823
-0.25360591
-0.26366493
1.33576557
1.34154979
-1.18620897
0.03317175
-1.51180702
-0.55041986
-0.13971030
-0.98735799
-1.42302699
-0.28349408
-0.24907601
-0.94670243
-1.13785787
-1.53582133
0.49769109
-0.22569879
-0.00200807
-0.90047304
-0.25599878
0.63573748
0.15934655
1.54760336
