0.71415296
-0.60436981
1.26061102
0.68717236
1.07592569
0.25099424
1.01385037
-0.60554211
-0.99518115
0.10980881
-1.04014213
0.22407540
-0.17427411
-0.51067245
-0.67237742
0.11255558
-0.73465906
1.51393507
-0.36588444
-0.60698512
-0.30650084
-0.64892962
1.69198423
0.47626077
-0.54040251
-0.86013198
-0.60332840
-0.83985906
0.06748748
-0.02099280
-0.79677326
-0.45596260
-0.19726408
2.47361720
-0.51319975
-0.58711686
0.89275184
-1.42211060
0.99928205
-0.54036175
0.76043897
0.60515045
-0.71398182
0.14159831
0.21503176
0.92426269
0.76969179
-1.10429050
-0.62337925
1.74358673
-0.14034582
1.35141680
0.84318418
-2.75727729
0.94342429
0.99421397
-1.64559176
0.15818382
-0.53219204
0.34539822
0.83014635
-0.66075923
-0.84864735
-0.16395441
0.02577694
-0.65574032
-0.71361311
-1.88863359
-1.15793631
0.98298956
0.61386864
0.99862653
0.71684389
-0.16208869
-0.19493742
-0.60350117
1.94914522
0.76073548
0.84452107
-1.27418940
2.31423670
0.91273612
-0.28357372
-0.82127408
-1.34594776
-0.06791226
1.23218845
-0.92748766
-1.68702489
-0.46155087
-0.30320103
0.74079536
0.45481423
0.62176584
-1.81436005
-0.24949903
1.55268093
-0.80951676
0.65310228
0.20205891
-1.05598703
-0.53853589
0.63761808
-0.24468287
0.52088024
0.61521710
-1.20538479
0.10328965
0.48586754
-0.83529888
-1.65052876
1.21338408
0.12597277
-1.05661222
-0.07149658
0.28307152
1.17384929
0.39459035
-0.12318197
0.43682735
-0.45997373
-1.57528382
0.57408894
0.04338835
-0.67905777
-1.44071299
-0.39515490
-0.37572415
1.54180523
0.41032082
-0.69757386
0.59797857
1.79906258
-1.69911613
1.00257031
0.44098706
-0.18883913
-0.66946033
0.00976338
0.44687218
1.13970015
-1.13924737
0.20558723
-2.24448990
1.33730300
-1.48366902
-0.01773278
0.49354156
0.26259187
0.22783460
0.48912837
-0.52495903
0.25548148
-0.11449933
-1.82228914
-1.46995481
0.64292866
0.38728725
1.58815586
-0.10274826
0.23138453
0.83606501
-1.98386907
-0.21588546
-1.24676657
-0.28407147
-0.69004058
0.76726834
1.45832245
1.66149859
-0.34363611
-1.06403667
0.78855945
0.92197079
1.74935370
0.05908492
-1.66960147
-0.40537995
-0.96214621
-1.71269055
0.94839429
-0.37910260
0.14655674
-1.33251972
0.06083425
0.94374423
-1.21934820
-0.94152270
1.87665198
1.10776107
1.28079549
-0.44196484
0.03587217
0.66342495
-0.19479681
0.06869853
0.28890740
-2.58519493
-0.85860432
0.59789013
